O:(401.824726254001,94.564403086927),10,(2.29559080908167,0.590474260527292),(188,166,250)
O:(349.416186418928,156.555381398191),10,(-2.04311068374963,1.96976396473884),(201,176,222)
O:(555.807412764012,159.010490601767),100,(-0.388182027481632,-2.28551319594897),(215,221,162)
S:(419,178),10000)
